name: shapenetsem
channels:
  - anaconda
  - conda-forge
  - defaults
dependencies:
  - _libgcc_mutex=0.1=main
  - blas=1.0=mkl
  - bzip2=1.0.8=h516909a_3
  - ca-certificates=2020.11.8=ha878542_0
  - certifi=2020.11.8=py36h5fab9bb_0
  - cloudpickle=1.6.0=py_0
  - cycler=0.10.0=py_2
  - cytoolz=0.11.0=py36h8c4c3a4_1
  - dask-core=2.30.0=py_0
  - decorator=4.4.2=py_0
  - embree=2.17.7=1
  - enum34=1.1.10=py36h9f0ad1d_2
  - ffmpeg=4.3.1=h3215721_1
  - freetype=2.10.4=h5ab3b9f_0
  - future=0.18.2=py36h9f0ad1d_2
  - geos=3.8.1=he1b5a44_0
  - gmp=6.2.0=h58526e2_4
  - gnutls=3.6.13=h79a8f9a_0
  - imagecodecs-lite=2019.12.3=py36h68bb277_3
  - imageio=2.9.0=py_0
  - intel-openmp=2020.2=254
  - jpeg=9b=h024ee3a_2
  - kiwisolver=1.3.1=py36h51d7077_0
  - lame=3.100=h14c3975_1001
  - lcms2=2.11=h396b838_0
  - ld_impl_linux-64=2.33.1=h53a641e_7
  - libedit=3.1.20191231=h14c3975_1
  - libffi=3.3=he6710b0_2
  - libgcc-ng=9.1.0=hdf63c60_0
  - libgfortran-ng=7.5.0=hae1eefd_17
  - libgfortran4=7.5.0=hae1eefd_17
  - libiconv=1.16=h516909a_0
  - libpng=1.6.37=hbc83047_0
  - libspatialindex=1.9.3=he1b5a44_3
  - libstdcxx-ng=9.1.0=hdf63c60_0
  - libtiff=4.1.0=h2733197_1
  - lz4-c=1.9.2=heb0550a_3
  - matplotlib-base=3.3.2=py36he12231b_1
  - mkl=2020.2=256
  - mkl-service=2.3.0=py36he904b0f_0
  - mkl_fft=1.2.0=py36h23d657b_0
  - mkl_random=1.1.1=py36h0573a6f_0
  - ncurses=6.2=he6710b0_1
  - nettle=3.4.1=h1bed415_1002
  - networkx=2.5=py_0
  - numpy=1.19.2=py36h54aff64_0
  - numpy-base=1.19.2=py36hfa32c7d_0
  - olefile=0.46=py36_0
  - openh264=2.1.1=h8b12597_0
  - openssl=1.1.1h=h516909a_0
  - pathlib=1.0.1=py36h9f0ad1d_3
  - pillow=8.0.0=py36h9a89aac_0
  - pip=20.2.4=py36h06a4308_0
  - pyembree=0.1.6=py36h830a2c2_1
  - pyglet=1.5.9=py36h5fab9bb_0
  - pyparsing=2.4.7=pyh9f0ad1d_0
  - python=3.6.12=hcff3b4d_2
  - python-dateutil=2.8.1=py_0
  - python_abi=3.6=1_cp36m
  - pywavelets=1.1.1=py36h68bb277_3
  - readline=8.0=h7b6447c_0
  - rtree=0.9.4=py36he053a7a_1
  - scikit-image=0.17.2=py36hd87012b_4
  - setuptools=50.3.1=py36h06a4308_1
  - shapely=1.7.1=py36h15bcdef_1
  - six=1.15.0=py_0
  - sqlite=3.33.0=h62c20be_0
  - tifffile=2019.7.26.2=py36_0
  - tk=8.6.10=hbc83047_0
  - toolz=0.11.1=py_0
  - tornado=6.1=py36h1d69622_0
  - trimesh=3.8.12=pyh9f0ad1d_0
  - wheel=0.35.1=py_0
  - x264=1!152.20180806=h14c3975_0
  - xz=5.2.5=h7b6447c_0
  - yaml=0.2.5=h516909a_0
  - zlib=1.2.11=h7b6447c_3
  - zstd=1.4.5=h9ceee32_0
  - pip:
    - addict==2.3.0
    - argon2-cffi==20.1.0
    - async-generator==1.10
    - attrs==20.3.0
    - backcall==0.2.0
    - bleach==3.2.1
    - cffi==1.14.3
    - defusedxml==0.6.0
    - entrypoints==0.3
    - importlib-metadata==2.0.0
    - ipykernel==5.3.4
    - ipython==7.16.1
    - ipython-genutils==0.2.0
    - ipywidgets==7.5.1
    - jedi==0.17.2
    - jinja2==2.11.2
    - joblib==0.17.0
    - jsonschema==3.2.0
    - jupyter-client==6.1.7
    - jupyter-core==4.6.3
    - jupyterlab-pygments==0.1.2
    - markupsafe==1.1.1
    - matplotlib==3.3.3
    - mistune==0.8.4
    - nbclient==0.5.1
    - nbconvert==6.0.7
    - nbformat==5.0.8
    - nest-asyncio==1.4.3
    - notebook==6.1.5
    - open3d==0.11.2
    - packaging==20.4
    - pandas==1.1.4
    - pandocfilters==1.4.3
    - parso==0.7.1
    - pexpect==4.8.0
    - pickleshare==0.7.5
    - plyfile==0.7.2
    - prometheus-client==0.8.0
    - prompt-toolkit==3.0.8
    - ptyprocess==0.6.0
    - pycparser==2.20
    - pygments==2.7.2
    - pyrsistent==0.17.3
    - pytz==2020.4
    - pyyaml==5.3.1
    - pyzmq==19.0.2
    - scikit-learn==0.23.2
    - scipy==1.5.4
    - send2trash==1.5.0
    - sklearn==0.0
    - terminado==0.9.1
    - testpath==0.4.4
    - threadpoolctl==2.1.0
    - tqdm==4.51.0
    - traitlets==4.3.3
    - wcwidth==0.2.5
    - webencodings==0.5.1
    - widgetsnbextension==3.5.1
    - zipp==3.4.0
